position: 
  x: 0.0846468475053577
  y: 0.0301523848116733
  z: 0.5499976809121581
orientation: 
  x: -5.491659947672347e-06
  y: 1.9681168621461376e-06
  z: 0.06821816528171293
  w: 0.9976704274917471
---
